250 2 2
1 0.9423 -0.0025
1 0.9482 0.1220
1 0.9038 0.0867
1 0.9820 0.1800
1 0.8789 0.2157
1 0.8687 0.2144
1 0.8887 0.1920
1 0.7825 0.2994
1 0.7984 0.3840
1 0.7839 0.3461
1 0.8726 0.4431
1 0.7843 0.4277
1 0.7304 0.5386
1 0.6749 0.5890
1 0.6712 0.5943
1 0.6401 0.7294
1 0.6346 0.6270
1 0.6390 0.6510
1 0.5746 0.6464
1 0.4660 0.7751
1 0.5231 0.8001
1 0.4435 0.8022
1 0.3392 0.8047
1 0.3442 0.9076
1 0.3384 0.7938
1 0.2935 0.8737
1 0.2025 0.9336
1 0.2364 0.9596
1 0.1039 0.9105
1 0.1120 0.9769
1 0.0280 0.9269
1 -0.0477 0.8815
1 -0.0053 1.0000
1 -0.0929 0.9806
1 -0.1191 0.8984
1 -0.1651 0.9926
1 -0.2290 0.9839
1 -0.3938 0.9370
1 -0.3127 0.8702
1 -0.3560 0.7747
1 -0.4131 0.8652
1 -0.3760 0.8033
1 -0.5226 0.7810
1 -0.4820 0.7946
1 -0.5871 0.7761
1 -0.5947 0.7684
1 -0.6669 0.6771
1 -0.6861 0.5915
1 -0.6861 0.6378
1 -0.7297 0.5789
1 -0.8239 0.5330
1 -0.8006 0.4765
1 -0.8167 0.4929
1 -0.7442 0.4411
1 -0.8401 0.3873
1 -0.9593 0.3464
1 -0.8836 0.4185
1 -0.9091 0.2728
1 -0.9134 0.1588
1 -0.8681 0.2024
1 -0.8914 0.0785
1 -0.8677 0.0089
1 -0.9079 0.1297
1 -0.9810 -0.0459
1 -0.9282 -0.0898
1 -1.0000 -0.1098
1 -0.9704 -0.1373
1 -0.9544 -0.1330
1 -0.9365 -0.2658
1 -0.8486 -0.3530
1 -0.8597 -0.2786
1 -0.9266 -0.3742
1 -0.8196 -0.3885
1 -0.8666 -0.5277
1 -0.7605 -0.4921
1 -0.7467 -0.5285
1 -0.7615 -0.5710
1 -0.6862 -0.6510
1 -0.5814 -0.6297
1 -0.6896 -0.6537
1 -0.6444 -0.6784
1 -0.5088 -0.7825
1 -0.4798 -0.7520
1 -0.4470 -0.7079
1 -0.4559 -0.8547
1 -0.4441 -0.8786
1 -0.3638 -0.8435
1 -0.3039 -0.8376
1 -0.2718 -0.8228
1 -0.2396 -0.7760
1 -0.1528 -0.9528
1 -0.1855 -0.8980
1 -0.0999 -0.8924
1 -0.0211 -0.9321
1 -0.0357 -1.0000
1 0.0295 -0.8876
1 0.1065 -0.9816
1 0.1508 -0.8990
1 0.1476 -0.9010
1 0.2365 -0.9504
1 0.2951 -0.8575
1 0.3727 -0.8189
1 0.3017 -0.8940
1 0.4316 -0.8063
1 0.4728 -0.6284
1 0.5153 -0.7311
1 0.5718 -0.7276
1 0.5503 -0.6945
1 0.5650 -0.7111
1 0.6127 -0.6645
1 0.7753 -0.7221
1 0.7308 -0.6752
1 0.7064 -0.5126
1 0.7586 -0.5758
1 0.7480 -0.4545
1 0.7707 -0.4356
1 0.8281 -0.4344
1 0.9447 -0.3317
1 0.7686 -0.3090
1 0.8468 -0.2335
1 0.8534 -0.2335
1 0.9240 -0.1420
1 0.8531 -0.1518
1 0.8926 -0.1202
1 1.0000 -0.0240
2 0.3044 0.0468
2 0.4608 0.0709
2 0.2906 0.0189
2 0.4174 0.0271
2 0.3760 0.1147
2 0.3083 0.0941
2 0.1959 0.0671
2 0.3285 0.0744
2 0.4090 0.0834
2 0.3052 0.1733
2 0.3838 0.1168
2 0.3616 0.2005
2 0.2519 0.2374
2 0.2957 0.2030
2 0.2780 0.2276
2 0.2676 0.2905
2 0.3228 0.2152
2 0.3344 0.1945
2 0.2141 0.3250
2 0.2192 0.2797
2 0.1811 0.2962
2 0.1474 0.3685
2 0.1748 0.3054
2 0.1831 0.3600
2 0.1618 0.3822
2 0.0681 0.3329
2 0.1234 0.3929
2 0.0696 0.3743
2 0.1115 0.3448
2 0.0592 0.3655
2 0.0051 0.4279
2 0.0349 0.4153
2 0.0385 0.3781
2 -0.0090 0.3614
2 -0.0441 0.3677
2 -0.0731 0.3985
2 -0.1337 0.4644
2 -0.1604 0.3052
2 -0.0778 0.3930
2 -0.1200 0.3787
2 -0.1666 0.2999
2 -0.1791 0.3018
2 -0.1537 0.3173
2 -0.2529 0.2991
2 -0.2107 0.2770
2 -0.2826 0.3030
2 -0.2472 0.2557
2 -0.2938 0.2772
2 -0.3519 0.1870
2 -0.3301 0.2284
2 -0.2937 0.2923
2 -0.2790 0.2005
2 -0.3294 0.1452
2 -0.3384 0.1621
2 -0.3307 0.1201
2 -0.3289 0.2130
2 -0.3644 0.1426
2 -0.3329 0.0872
2 -0.3592 0.0883
2 -0.3687 0.0333
2 -0.3749 0.0740
2 -0.3107 0.0769
2 -0.2790 -0.0224
2 -0.3384 0.0032
2 -0.2764 -0.0618
2 -0.4150 -0.0708
2 -0.4717 -0.0859
2 -0.4047 -0.0727
2 -0.3491 -0.0104
2 -0.3153 -0.1428
2 -0.3946 -0.1105
2 -0.4069 -0.0652
2 -0.2828 -0.1895
2 -0.4080 -0.1208
2 -0.3240 -0.1422
2 -0.3821 -0.2434
2 -0.2966 -0.2282
2 -0.3056 -0.2156
2 -0.3215 -0.2650
2 -0.2530 -0.2473
2 -0.2115 -0.3362
2 -0.3010 -0.2356
2 -0.1992 -0.3410
2 -0.1270 -0.3108
2 -0.1280 -0.3223
2 -0.0704 -0.2519
2 -0.1605 -0.2960
2 -0.1016 -0.2842
2 -0.1585 -0.3219
2 -0.0467 -0.4408
2 -0.1324 -0.4579
2 -0.0717 -0.3323
2 0.0290 -0.3645
2 0.0535 -0.4335
2 -0.0824 -0.3719
2 0.0330 -0.3701
2 -0.0621 -0.3711
2 -0.0082 -0.3331
2 0.0876 -0.4047
2 0.0649 -0.4059
2 0.1037 -0.3065
2 0.0785 -0.3213
2 0.1168 -0.3747
2 0.1533 -0.3780
2 0.1491 -0.3768
2 0.2818 -0.3096
2 0.1738 -0.2908
2 0.2159 -0.2999
2 0.2640 -0.2423
2 0.2247 -0.2918
2 0.2496 -0.3590
2 0.2045 -0.1738
2 0.3627 -0.2346
2 0.3242 -0.1933
2 0.4504 -0.1398
2 0.3111 -0.2205
2 0.2511 -0.1497
2 0.2982 -0.2085
2 0.3102 -0.1752
2 0.4244 -0.0658
2 0.3509 -0.0198
2 0.3590 -0.1108
2 0.4293 -0.0269
2 0.3129 -0.0424
2 0.3218 -0.0793
