100 2 2
1 0.3522 -0.3110
1 0.3558 -0.1282
1 0.3225 -0.1581
1 0.3758 -0.0173
1 0.2985 0.0464
1 0.2866 0.0601
1 0.2953 0.0450
1 0.2130 0.2017
1 0.2170 0.3268
1 0.1984 0.2876
1 0.2527 0.4267
1 0.1800 0.4145
1 0.1311 0.5688
1 0.0806 0.6407
1 0.0665 0.6509
1 0.0324 0.8317
1 0.0163 0.6944
1 0.0070 0.7233
1 -0.0516 0.7120
1 -0.1419 0.8758
1 -0.1137 0.8994
1 -0.1831 0.8902
1 -0.2699 0.8794
1 -0.2783 1.0000
1 -0.2940 0.8299
1 -0.3371 0.9155
1 -0.4126 0.9723
1 -0.3982 0.9820
1 -0.5018 0.8897
1 -0.5041 0.9493
1 -0.5712 0.8521
1 -0.6314 0.7594
1 -0.6061 0.8834
1 -0.6724 0.8224
1 -0.6936 0.6765
1 -0.7276 0.7645
1 -0.7731 0.7146
1 -0.8892 0.6130
1 -0.8281 0.4844
1 -0.8544 0.3172
1 -0.8890 0.3976
1 -0.8548 0.2751
1 -0.9501 0.2055
1 -0.9102 0.1843
1 -0.9728 0.1210
1 -0.9641 0.0729
1 -1.0000 -0.0853
1 -0.9965 -0.2345
1 -0.9778 -0.2066
1 -0.9888 -0.3170
2 -0.3735 0.2927
2 -0.3366 0.1894
2 -0.3265 0.1850
2 -0.2519 0.0921
2 -0.2964 -0.0010
2 -0.3564 -0.0744
2 -0.2762 0.0056
2 -0.2674 -0.2016
2 -0.2425 -0.3635
2 -0.1815 -0.3123
2 -0.1689 -0.4808
2 -0.1222 -0.5737
2 -0.1206 -0.4095
2 -0.1424 -0.6362
2 -0.0739 -0.6839
2 -0.0946 -0.6960
2 -0.0428 -0.7143
2 -0.0011 -0.6865
2 0.0417 -0.8374
2 0.1339 -0.9237
2 0.1548 -0.7911
2 0.1351 -0.8811
2 0.2386 -0.8592
2 0.2312 -1.0000
2 0.3318 -0.9046
2 0.3653 -0.9015
2 0.3768 -0.9035
2 0.4511 -0.9522
2 0.5449 -0.8631
2 0.4847 -0.8316
2 0.5322 -0.7984
2 0.6422 -0.8683
2 0.6740 -0.7572
2 0.7063 -0.6259
2 0.7065 -0.7471
2 0.7192 -0.7033
2 0.7785 -0.5798
2 0.8207 -0.4942
2 0.8405 -0.3963
2 0.8578 -0.2554
2 0.9116 -0.4123
2 0.8774 -0.2609
2 0.9251 -0.1759
2 0.9653 -0.1520
2 0.9363 -0.1668
2 0.9616 0.0568
2 0.9929 0.0039
2 0.9984 0.1839
2 0.9674 0.2488
2 1.0000 0.2478
